9	4
48	17
39	39
43	24
40	42
2089740	88
146270	108
34	104
26	80
35	126
146637	146
146637	85
17	8
59	163
86	123
71	194
35	134
50	176
48	249
55	192
34	265
49	289
49	260
59	330
59	336
59	337
5	36
115	13
109	308
80	361
122	382
136	371
139	403
52	429
49	470
143	482
136	369
150	173
136	514
157	180
157	535
154	564
34	580
116	594
13	601
156	263
154	622
33	588
91	650
197	644
117	657
30	164
200	696
46	705
34	709
216	626
205	651
2189331	728
91	415
34	752
214	761
229	769
157	561
91	810
224	832
60	833
93	845
34	855
91	871
91	879
200	888
200	805
55	904
246	935
206	905
49	930
116	800
1	944
231	835
2189331	947
46	1037
227	1040
234	1033
3	1042
2189331	1069
1	1010
41	1064
13	1104
264	1108
227	1131
268	1145
200	1156
34	1176
258	1189
207	918
48	1180
264	1237
268	11
268	1261
46	1241
192	1292
267	1304
216	1306
91	1314
39	1313
17	1276
91	1329
316	1311
266	1383
91	1390
212	9
35	1401
58	1408
1384652	1417
40	1453
60	1457
296	1451
27	1503
199	1496
59	1508
92	1542
224	1041
313	1528
92	1576
92	766
224	1610
92	1625
52	1615
216	1607
275	1623
91	1669
308	1300
59	1679
91	1709
137	1746
219	1762
164	1070
116	1705
77	1734
307	1600
62	231
308	1760
275	1836
116	1829
2089740	1848
2089740	1854
275	1873
303	1898
364	1936
328	1908
195	1995
227	1994
48	1790
137	2034
91	2043
358	1535
383	2048
91	2138
